# Blender 4.4.3
# www.blender.org
o Cube
v -6.483678 -12.281296 22.382750
v -6.000441 -10.767688 20.333921
v -6.043474 -14.384908 20.932489
v -5.560238 -12.871301 18.883665
v -3.974710 -12.203740 23.031807
v -3.491474 -10.690131 20.982985
v -3.534507 -14.307350 21.581554
v -3.051271 -12.793744 19.532726
v -9.695507 -11.379094 21.814140
v -8.922528 -9.878661 19.846039
v -9.272147 -13.490734 20.370548
v -8.499169 -11.990303 18.402449
v -7.257169 -11.488111 22.688690
v -6.484192 -9.987679 20.720592
v -6.833811 -13.599751 21.245104
v -6.060833 -12.099319 19.277002
v -9.017770 -14.125267 19.666676
v -8.244791 -12.624834 17.698574
v -8.594410 -16.236906 18.223083
v -7.821432 -14.736476 16.254984
v -6.579432 -14.234284 20.541225
v -5.806455 -12.733851 18.573128
v -6.156074 -16.345922 19.097639
v -5.383096 -14.845492 17.129538
v -1.882235 -12.305917 23.259180
v -1.763419 -10.789785 21.159309
v -1.682572 -14.407097 21.753395
v -1.563757 -12.890966 19.653528
v 0.700057 -12.213215 23.472221
v 0.818873 -10.697083 21.372356
v 0.899720 -14.314392 21.966444
v 1.018535 -12.798264 19.866573
v -3.906105 -15.229622 20.852783
v -3.787289 -13.713490 18.752913
v -3.706443 -17.330801 19.346998
v -3.587627 -15.814672 17.247131
v -1.323813 -15.136920 21.065825
v -1.204998 -13.620788 18.965960
v -1.124150 -17.238096 19.560047
v -1.005335 -15.721969 17.460176
v 16.336628 -13.768211 15.519120
v 14.745684 -12.267647 14.126487
v 15.387075 -15.871606 14.337470
v 13.796133 -14.371042 12.944839
v 18.150312 -13.553163 13.678869
v 16.559372 -12.052597 12.286243
v 17.200764 -15.656555 12.497225
v 15.609819 -14.155993 11.104593
v 14.201479 -13.038928 18.041502
v 12.825863 -11.535530 16.438473
v 13.249586 -15.151073 16.877474
v 11.873974 -13.647676 15.274448
v 16.182335 -13.009869 16.368904
v 14.806722 -11.506470 14.765882
v 15.230448 -15.122012 15.204884
v 13.854833 -13.618616 13.601857
v 12.793591 -15.783997 16.282282
v 11.417975 -14.280598 14.679258
v 11.841699 -17.896141 15.118255
v 10.466086 -16.392746 13.515232
v 14.774447 -15.754936 14.609686
v 13.398834 -14.251538 13.006665
v 13.822561 -17.867081 13.445665
v 12.446945 -16.363686 11.842638
v 19.398106 -13.545835 11.980769
v 17.580561 -12.061994 10.877599
v 18.280069 -15.659878 10.979255
v 16.462532 -14.176037 9.876089
v 20.870771 -13.319468 9.858925
v 19.053234 -11.835626 8.755759
v 19.752745 -15.433508 8.857416
v 17.935202 -13.949669 7.754247
v 20.797567 -16.469828 0.025328
v 18.664555 -14.996337 0.061636
v 19.326151 -18.594814 -0.178530
v 17.193140 -17.121334 -0.142218
v 20.883663 -16.281513 -2.559113
v 18.750650 -14.808021 -2.522801
v 19.412247 -18.406498 -2.762970
v 17.279236 -16.933016 -2.726661
v 18.336330 -18.766975 0.074578
v 16.275690 -17.195375 -0.003167
v 16.771694 -20.827066 -0.099084
v 14.711056 -19.255463 -0.176826
v 18.503361 -18.675873 -2.511157
v 16.442726 -17.104265 -2.588897
v 16.938730 -20.735958 -2.684817
v 14.878091 -19.164358 -2.762558
v 12.620425 -18.065086 13.890000
v 11.108212 -16.489220 12.492832
v 11.407203 -20.122877 12.882132
v 9.894993 -18.547010 11.484964
v 14.341910 -18.131027 11.952384
v 12.829700 -16.555161 10.555221
v 13.128694 -20.188818 10.944520
v 11.616481 -18.612953 9.547353
v 10.839782 -20.730135 12.360549
v 9.327567 -19.154268 10.963384
v 9.626558 -22.787926 11.352679
v 8.114347 -21.212063 9.955516
v 12.561266 -20.796076 10.422932
v 11.049055 -19.220209 9.025771
v 11.348049 -22.853867 9.415070
v 9.835837 -21.278004 8.017900
v 18.329863 -18.758593 -4.609642
v 16.287781 -17.187551 -4.319866
v 16.756063 -20.817726 -4.536598
v 14.713987 -19.246685 -4.246822
v 18.055452 -18.640232 -7.185084
v 16.013380 -17.069191 -6.895309
v 16.481665 -20.699362 -7.112041
v 14.439584 -19.128325 -6.822264
v 16.267797 -21.643574 -2.188976
v 14.225718 -20.072535 -1.899202
v 14.693999 -23.702707 -2.115932
v 12.651919 -22.131670 -1.826155
v 15.993397 -21.525215 -4.764419
v 13.951316 -19.954172 -4.474641
v 14.419600 -23.584343 -4.691376
v 12.377522 -22.013309 -4.401599
v 21.968821 -9.283587 14.807835
v 20.786564 -7.050795 14.225463
v 19.983353 -10.601338 13.786242
v 18.801102 -8.368552 13.203873
v 23.144575 -9.263721 12.497116
v 21.962326 -7.030933 11.914747
v 21.159115 -10.581474 11.475527
v 19.976860 -8.348687 10.893155
v 24.686159 -9.785509 12.006501
v 24.602589 -7.194130 12.002673
v 22.280979 -9.864492 11.041576
v 22.197412 -7.273121 11.037749
v 25.650692 -9.757956 9.600025
v 25.567129 -7.166583 9.596197
v 23.245518 -9.836946 8.635104
v 23.161949 -7.245571 8.631274
v 26.804897 -9.877950 8.864428
v 26.721327 -7.286571 8.860600
v 24.399717 -9.956933 7.899503
v 24.316151 -7.365562 7.895676
v 27.769430 -9.850396 6.457952
v 27.685867 -7.259024 6.454123
v 25.364256 -9.929387 5.493031
v 25.280687 -7.338012 5.489201
v -9.582756 -13.094334 -21.029947
v -8.757438 -11.631779 -19.054594
v -9.101425 -15.233898 -19.646904
v -8.276109 -13.771344 -17.671556
v -11.993023 -13.020801 -20.077353
v -11.167706 -11.558245 -18.102011
v -11.511692 -15.160362 -18.694319
v -10.686374 -13.697809 -16.718967
v -6.644114 -12.181262 -22.438425
v -6.100699 -10.732209 -20.358238
v -6.153143 -14.328572 -21.070864
v -5.609728 -12.879519 -18.990685
v -9.131254 -12.288547 -21.713957
v -8.587836 -10.839491 -19.633780
v -8.640284 -14.435854 -20.346407
v -8.096867 -12.986802 -18.266224
v -5.949612 -14.980973 -20.366787
v -5.406194 -13.531919 -18.286608
v -5.458639 -17.128284 -18.999226
v -4.915224 -15.679230 -16.919048
v -8.436749 -15.088256 -19.642321
v -7.893332 -13.639202 -17.562145
v -7.945781 -17.235567 -18.274769
v -7.402363 -15.786514 -16.194586
v -19.354034 -13.173831 -12.010427
v -17.536489 -11.689989 -10.907257
v -18.235998 -15.287873 -11.008913
v -16.418461 -13.804032 -9.905747
v -20.826700 -12.947464 -9.888583
v -19.009163 -11.463621 -8.785418
v -19.708673 -15.061503 -8.887074
v -17.891130 -13.577664 -7.783905
v -16.377489 -16.236778 -12.450189
v -14.559948 -14.752936 -11.347018
v -15.259455 -18.350821 -11.448674
v -13.441914 -16.866983 -10.345508
v -17.850161 -16.010412 -10.328349
v -16.032619 -14.526568 -9.225182
v -16.732128 -18.124453 -9.326836
v -14.914588 -16.640615 -8.223667
v -14.291133 -18.521591 -11.122120
v -12.595871 -16.938322 -9.963861
v -13.078156 -20.570709 -10.096437
v -11.382895 -18.987436 -8.938182
v -15.832876 -18.392826 -9.041575
v -14.137620 -16.809551 -7.883324
v -14.619905 -20.441938 -8.015899
v -12.924643 -18.858669 -6.857643
v -12.576353 -17.693083 -13.919659
v -11.064140 -16.117214 -12.522491
v -11.363131 -19.750874 -12.911790
v -9.850921 -18.175007 -11.514623
v -14.297838 -17.759024 -11.982042
v -12.785627 -16.183155 -10.584878
v -13.084621 -19.816814 -10.974177
v -11.572409 -18.240950 -9.577010
v -10.795710 -20.358131 -12.390206
v -9.283495 -18.782265 -10.993041
v -9.582486 -22.415922 -11.382337
v -8.070274 -20.840059 -9.985173
v -12.517194 -20.424072 -10.452590
v -11.004983 -18.848206 -9.055429
v -11.303977 -22.481863 -9.444728
v -9.791765 -20.906000 -8.047559
v -16.824984 -18.443356 -7.183146
v -14.946084 -16.866222 -6.343723
v -15.470563 -20.495146 -6.359788
v -13.591672 -18.918013 -5.520370
v -17.990103 -18.285196 -4.872368
v -16.111214 -16.708063 -4.032950
v -16.635693 -20.336983 -4.049016
v -14.756797 -18.759853 -3.209597
v -8.162058 -24.478683 -9.424195
v -7.819711 -21.989101 -8.786224
v -5.834469 -25.051907 -8.436295
v -5.492120 -22.562326 -7.798326
v -9.251702 -24.920973 -7.113511
v -8.909357 -22.431387 -6.475542
v -6.924116 -25.494192 -6.125610
v -6.581767 -23.004616 -5.487643
v -5.496789 -9.965751 -25.073009
v -4.697654 -7.590882 -24.406960
v -4.355849 -10.942396 -22.959570
v -3.556719 -8.567533 -22.293524
v -7.683533 -9.607438 -23.726908
v -6.884401 -7.232574 -23.060865
v -6.542596 -10.584086 -21.613478
v -5.743463 -8.209222 -20.947430
v -9.277482 -10.133511 -23.995266
v -9.116055 -7.584276 -24.439772
v -7.702998 -9.876822 -21.951416
v -7.541571 -7.327596 -22.395926
v -11.331048 -9.736317 -22.463169
v -11.169625 -7.187089 -22.907679
v -9.756565 -9.479637 -20.419325
v -9.595139 -6.930405 -20.863831
v -12.702371 -9.798105 -22.405338
v -12.540942 -7.248871 -22.849846
v -11.127886 -9.541417 -20.361492
v -10.966459 -6.992191 -20.806002
v -14.755937 -9.400911 -20.873241
v -14.594515 -6.851685 -21.317753
v -13.181454 -9.144232 -18.829401
v -13.020026 -6.595001 -19.273907
vn -0.9677 -0.0299 -0.2503
vn 0.1698 -0.8114 -0.5594
vn 0.9677 0.0299 0.2503
vn -0.1698 0.8114 0.5594
vn -0.1864 -0.5838 0.7902
vn 0.1864 0.5838 -0.7902
vn -0.9405 0.0420 -0.3373
vn 0.1633 -0.8144 -0.5568
vn 0.9405 -0.0420 0.3373
vn -0.1633 0.8144 0.5568
vn -0.2981 -0.5787 0.7591
vn 0.2981 0.5787 -0.7591
vn -0.9960 -0.0358 -0.0822
vn 0.0770 -0.8104 -0.5808
vn 0.9960 0.0358 0.0822
vn -0.0770 0.8104 0.5808
vn -0.0458 -0.5848 0.8099
vn 0.0458 0.5848 -0.8099
vn -0.6995 -0.0829 0.7098
vn -0.3662 -0.8113 -0.4558
vn 0.6995 0.0829 -0.7098
vn 0.3662 0.8113 0.4558
vn 0.6136 -0.5788 0.5371
vn -0.6136 0.5788 -0.5371
vn -0.7640 -0.0112 0.6451
vn -0.3671 -0.8146 -0.4490
vn 0.7640 0.0112 -0.6451
vn 0.3671 0.8146 0.4490
vn 0.5306 -0.5799 0.6183
vn -0.5306 0.5799 -0.6183
vn -0.5680 -0.0873 0.8184
vn -0.4312 -0.8154 -0.3863
vn 0.5680 0.0873 -0.8184
vn 0.4312 0.8154 0.3863
vn 0.7010 -0.5723 0.4255
vn -0.7010 0.5723 -0.4255
vn -0.0332 -0.0726 0.9968
vn -0.5675 -0.8196 -0.0786
vn 0.0332 0.0726 -0.9968
vn 0.5675 0.8196 0.0786
vn 0.8227 -0.5683 -0.0140
vn -0.8227 0.5683 0.0140
vn -0.0644 -0.0351 0.9973
vn -0.6035 -0.7946 -0.0670
vn 0.0644 0.0351 -0.9973
vn 0.6035 0.7946 0.0670
vn 0.7948 -0.6062 0.0300
vn -0.7948 0.6062 -0.0300
vn -0.6640 0.0254 0.7473
vn -0.4679 -0.7937 -0.3887
vn 0.6640 -0.0254 -0.7473
vn 0.4679 0.7937 0.3887
vn 0.5833 -0.6078 0.5389
vn -0.5833 0.6078 -0.5389
vn 0.1058 -0.0457 0.9933
vn -0.6070 -0.7942 0.0282
vn -0.1058 0.0457 -0.9933
vn 0.6070 0.7942 -0.0282
vn 0.7876 -0.6059 -0.1118
vn -0.7876 0.6059 0.1118
vn -0.4535 -0.0077 0.8912
vn -0.7658 -0.5083 -0.3940
vn 0.4535 0.0077 -0.8912
vn 0.7658 0.5083 0.3940
vn 0.4560 -0.8612 0.2246
vn -0.4560 0.8612 -0.2246
vn -0.3720 -0.0106 0.9282
vn -0.9277 -0.0305 -0.3722
vn 0.3720 0.0106 -0.9282
vn 0.9277 0.0305 0.3722
vn 0.0322 -0.9995 0.0015
vn -0.0322 0.9995 -0.0015
vn 0.9296 -0.0284 -0.3674
vn 0.1856 -0.8252 0.5334
vn -0.9296 0.0284 0.3674
vn -0.1856 0.8252 -0.5334
vn -0.3183 -0.5641 -0.7619
vn 0.3183 0.5641 0.7619
vn 0.9593 0.0414 -0.2794
vn 0.1894 -0.8282 0.5275
vn -0.9593 -0.0414 0.2794
vn -0.1894 0.8282 -0.5275
vn -0.2096 -0.5589 -0.8023
vn 0.2096 0.5589 0.8023
vn 0.5680 -0.0873 -0.8184
vn 0.4312 -0.8154 0.3863
vn -0.5680 0.0873 0.8184
vn -0.4312 0.8154 -0.3863
vn -0.7010 -0.5723 -0.4255
vn 0.7010 0.5723 0.4255
vn 0.5946 -0.0497 -0.8025
vn 0.4678 -0.7903 0.3956
vn -0.5946 0.0497 0.8025
vn -0.4678 0.7903 -0.3956
vn -0.6539 -0.6107 -0.4467
vn 0.6539 0.6107 0.4467
vn 0.6640 0.0254 -0.7473
vn 0.4679 -0.7937 0.3887
vn -0.6640 -0.0254 0.7473
vn -0.4679 0.7937 -0.3887
vn -0.5833 -0.6078 -0.5389
vn 0.5833 0.6078 0.5389
vn 0.4494 -0.0610 -0.8913
vn 0.5224 -0.7914 0.3176
vn -0.4494 0.0610 0.8913
vn -0.5224 0.7914 -0.3176
vn -0.7247 -0.6083 -0.3238
vn 0.7247 0.6083 0.3238
vn 0.4203 0.1706 -0.8912
vn 0.8977 -0.2211 0.3810
vn -0.4203 -0.1706 0.8912
vn -0.8977 0.2211 -0.3810
vn -0.1320 -0.9602 -0.2461
vn 0.1320 0.9602 0.2461
vn 0.8434 -0.1382 -0.5192
vn 0.4401 -0.3767 0.8151
vn -0.8434 0.1382 0.5192
vn -0.4401 0.3767 -0.8151
vn -0.3082 -0.9160 -0.2569
vn 0.3082 0.9160 0.2569
vn 0.7921 -0.1532 -0.5909
vn 0.6073 0.0990 0.7883
vn -0.7921 0.1532 0.5909
vn -0.6073 -0.0990 -0.7883
vn -0.0623 -0.9832 0.1714
vn 0.0623 0.9832 -0.1714
vn 0.1633 -0.8145 -0.5568
vt 1.000000 0.000000
vt 0.000000 1.000000
vt 0.000000 0.000000
vt 1.000000 1.000000
s 0
f 2/1/1 3/2/1 1/3/1
f 3/3/2 8/4/2 7/2/2
f 7/3/3 6/4/3 5/2/3
f 5/3/4 2/4/4 1/2/4
f 7/1/5 1/2/5 3/3/5
f 8/3/6 2/4/6 6/2/6
f 10/1/7 11/2/7 9/3/7
f 11/3/8 16/4/8 15/2/8
f 16/1/9 13/2/9 15/3/9
f 13/3/10 10/4/10 9/2/10
f 11/3/11 13/4/11 9/2/11
f 16/3/12 10/4/12 14/2/12
f 18/1/7 19/2/7 17/3/7
f 19/3/8 24/4/8 23/2/8
f 24/1/9 21/2/9 23/3/9
f 22/1/10 17/2/10 21/3/10
f 19/3/11 21/4/11 17/2/11
f 20/1/12 22/2/12 24/3/12
f 26/1/13 27/2/13 25/3/13
f 27/3/14 32/4/14 31/2/14
f 31/3/15 30/4/15 29/2/15
f 29/3/16 26/4/16 25/2/16
f 27/3/17 29/4/17 25/2/17
f 28/1/18 30/2/18 32/3/18
f 34/1/13 35/2/13 33/3/13
f 35/3/14 40/4/14 39/2/14
f 39/3/15 38/4/15 37/2/15
f 37/3/16 34/4/16 33/2/16
f 39/1/17 33/2/17 35/3/17
f 36/1/18 38/2/18 40/3/18
f 42/1/19 43/2/19 41/3/19
f 44/1/20 47/2/20 43/3/20
f 48/1/21 45/2/21 47/3/21
f 45/3/22 42/4/22 41/2/22
f 43/3/23 45/4/23 41/2/23
f 44/1/24 46/2/24 48/3/24
f 50/1/25 51/2/25 49/3/25
f 51/3/26 56/4/26 55/2/26
f 56/1/27 53/2/27 55/3/27
f 53/3/28 50/4/28 49/2/28
f 55/1/29 49/2/29 51/3/29
f 52/1/30 54/2/30 56/3/30
f 58/1/25 59/2/25 57/3/25
f 59/3/26 64/4/26 63/2/26
f 64/1/27 61/2/27 63/3/27
f 62/1/28 57/2/28 61/3/28
f 63/1/29 57/2/29 59/3/29
f 60/1/30 62/2/30 64/3/30
f 66/1/31 67/2/31 65/3/31
f 67/3/32 72/4/32 71/2/32
f 72/1/33 69/2/33 71/3/33
f 70/1/34 65/2/34 69/3/34
f 67/3/35 69/4/35 65/2/35
f 68/1/36 70/2/36 72/3/36
f 74/1/37 75/2/37 73/3/37
f 75/3/38 80/4/38 79/2/38
f 80/1/39 77/2/39 79/3/39
f 78/1/40 73/2/40 77/3/40
f 75/3/41 77/4/41 73/2/41
f 76/1/42 78/2/42 80/3/42
f 82/1/43 83/2/43 81/3/43
f 84/1/44 87/2/44 83/3/44
f 88/1/45 85/2/45 87/3/45
f 85/3/46 82/4/46 81/2/46
f 83/3/47 85/4/47 81/2/47
f 88/3/48 82/4/48 86/2/48
f 90/1/49 91/2/49 89/3/49
f 91/3/50 96/4/50 95/2/50
f 96/1/51 93/2/51 95/3/51
f 93/3/52 90/4/52 89/2/52
f 91/3/53 93/4/53 89/2/53
f 92/1/54 94/2/54 96/3/54
f 98/1/49 99/2/49 97/3/49
f 99/3/50 104/4/50 103/2/50
f 104/1/51 101/2/51 103/3/51
f 102/1/52 97/2/52 101/3/52
f 99/3/53 101/4/53 97/2/53
f 100/1/54 102/2/54 104/3/54
f 105/3/55 108/4/55 107/2/55
f 107/3/56 112/4/56 111/2/56
f 112/1/57 109/2/57 111/3/57
f 109/3/58 106/4/58 105/2/58
f 107/3/59 109/4/59 105/2/59
f 108/1/60 110/2/60 112/3/60
f 114/1/55 115/2/55 113/3/55
f 115/3/56 120/4/56 119/2/56
f 119/3/57 118/4/57 117/2/57
f 118/1/58 113/2/58 117/3/58
f 115/3/59 117/4/59 113/2/59
f 116/1/60 118/2/60 120/3/60
f 121/3/61 124/4/61 123/2/61
f 124/1/62 127/2/62 123/3/62
f 128/1/63 125/2/63 127/3/63
f 125/3/64 122/4/64 121/2/64
f 123/3/65 125/4/65 121/2/65
f 124/1/66 126/2/66 128/3/66
f 130/1/67 131/2/67 129/3/67
f 131/3/68 136/4/68 135/2/68
f 136/1/69 133/2/69 135/3/69
f 133/3/70 130/4/70 129/2/70
f 131/3/71 133/4/71 129/2/71
f 136/3/72 130/4/72 134/2/72
f 138/1/67 139/2/67 137/3/67
f 139/3/68 144/4/68 143/2/68
f 144/1/69 141/2/69 143/3/69
f 141/3/70 138/4/70 137/2/70
f 139/3/71 141/4/71 137/2/71
f 140/1/72 142/2/72 144/3/72
f 146/1/73 147/2/73 145/3/73
f 148/1/74 151/2/74 147/3/74
f 151/3/75 150/4/75 149/2/75
f 149/3/76 146/4/76 145/2/76
f 147/3/77 149/4/77 145/2/77
f 152/3/78 146/4/78 150/2/78
f 154/1/79 155/2/79 153/3/79
f 155/3/80 160/4/80 159/2/80
f 160/1/81 157/2/81 159/3/81
f 158/1/82 153/2/82 157/3/82
f 155/3/83 157/4/83 153/2/83
f 156/1/84 158/2/84 160/3/84
f 161/3/79 164/4/79 163/2/79
f 163/3/80 168/4/80 167/2/80
f 168/1/81 165/2/81 167/3/81
f 165/3/82 162/4/82 161/2/82
f 167/1/83 161/2/83 163/3/83
f 164/1/84 166/2/84 168/3/84
f 169/3/85 172/4/85 171/2/85
f 172/1/86 175/2/86 171/3/86
f 176/1/87 173/2/87 175/3/87
f 173/3/88 170/4/88 169/2/88
f 171/3/89 173/4/89 169/2/89
f 172/1/90 174/2/90 176/3/90
f 178/1/85 179/2/85 177/3/85
f 179/3/86 184/4/86 183/2/86
f 183/3/87 182/4/87 181/2/87
f 182/1/88 177/2/88 181/3/88
f 179/3/89 181/4/89 177/2/89
f 184/3/90 178/4/90 182/2/90
f 186/1/91 187/2/91 185/3/91
f 188/1/92 191/2/92 187/3/92
f 192/1/93 189/2/93 191/3/93
f 189/3/94 186/4/94 185/2/94
f 187/3/95 189/4/95 185/2/95
f 188/1/96 190/2/96 192/3/96
f 194/1/97 195/2/97 193/3/97
f 195/3/98 200/4/98 199/2/98
f 200/1/99 197/2/99 199/3/99
f 197/3/100 194/4/100 193/2/100
f 195/3/101 197/4/101 193/2/101
f 196/1/102 198/2/102 200/3/102
f 202/1/97 203/2/97 201/3/97
f 203/3/98 208/4/98 207/2/98
f 208/1/99 205/2/99 207/3/99
f 206/1/100 201/2/100 205/3/100
f 203/3/101 205/4/101 201/2/101
f 204/1/102 206/2/102 208/3/102
f 210/1/103 211/2/103 209/3/103
f 211/3/104 216/4/104 215/2/104
f 216/1/105 213/2/105 215/3/105
f 213/3/106 210/4/106 209/2/106
f 211/3/107 213/4/107 209/2/107
f 212/1/108 214/2/108 216/3/108
f 218/1/109 219/2/109 217/3/109
f 219/3/110 224/4/110 223/2/110
f 223/3/111 222/4/111 221/2/111
f 222/1/112 217/2/112 221/3/112
f 219/3/113 221/4/113 217/2/113
f 220/1/114 222/2/114 224/3/114
f 226/1/115 227/2/115 225/3/115
f 228/1/116 231/2/116 227/3/116
f 232/1/117 229/2/117 231/3/117
f 229/3/118 226/4/118 225/2/118
f 227/3/119 229/4/119 225/2/119
f 228/1/120 230/2/120 232/3/120
f 234/1/121 235/2/121 233/3/121
f 235/3/122 240/4/122 239/2/122
f 240/1/123 237/2/123 239/3/123
f 237/3/124 234/4/124 233/2/124
f 235/3/125 237/4/125 233/2/125
f 236/1/126 238/2/126 240/3/126
f 242/1/121 243/2/121 241/3/121
f 243/3/122 248/4/122 247/2/122
f 247/3/123 246/4/123 245/2/123
f 246/1/124 241/2/124 245/3/124
f 243/3/125 245/4/125 241/2/125
f 248/3/126 242/4/126 246/2/126
f 2/1/1 4/4/1 3/2/1
f 3/3/2 4/1/2 8/4/2
f 7/3/3 8/1/3 6/4/3
f 5/3/4 6/1/4 2/4/4
f 7/1/5 5/4/5 1/2/5
f 8/3/6 4/1/6 2/4/6
f 10/1/7 12/4/7 11/2/7
f 11/3/8 12/1/8 16/4/8
f 16/1/9 14/4/9 13/2/9
f 13/3/10 14/1/10 10/4/10
f 11/3/11 15/1/11 13/4/11
f 16/3/12 12/1/12 10/4/12
f 18/1/7 20/4/7 19/2/7
f 19/3/127 20/1/127 24/4/127
f 24/1/9 22/4/9 21/2/9
f 22/1/10 18/4/10 17/2/10
f 19/3/11 23/1/11 21/4/11
f 20/1/12 18/4/12 22/2/12
f 26/1/13 28/4/13 27/2/13
f 27/3/14 28/1/14 32/4/14
f 31/3/15 32/1/15 30/4/15
f 29/3/16 30/1/16 26/4/16
f 27/3/17 31/1/17 29/4/17
f 28/1/18 26/4/18 30/2/18
f 34/1/13 36/4/13 35/2/13
f 35/3/14 36/1/14 40/4/14
f 39/3/15 40/1/15 38/4/15
f 37/3/16 38/1/16 34/4/16
f 39/1/17 37/4/17 33/2/17
f 36/1/18 34/4/18 38/2/18
f 42/1/19 44/4/19 43/2/19
f 44/1/20 48/4/20 47/2/20
f 48/1/21 46/4/21 45/2/21
f 45/3/22 46/1/22 42/4/22
f 43/3/23 47/1/23 45/4/23
f 44/1/24 42/4/24 46/2/24
f 50/1/25 52/4/25 51/2/25
f 51/3/26 52/1/26 56/4/26
f 56/1/27 54/4/27 53/2/27
f 53/3/28 54/1/28 50/4/28
f 55/1/29 53/4/29 49/2/29
f 52/1/30 50/4/30 54/2/30
f 58/1/25 60/4/25 59/2/25
f 59/3/26 60/1/26 64/4/26
f 64/1/27 62/4/27 61/2/27
f 62/1/28 58/4/28 57/2/28
f 63/1/29 61/4/29 57/2/29
f 60/1/30 58/4/30 62/2/30
f 66/1/31 68/4/31 67/2/31
f 67/3/32 68/1/32 72/4/32
f 72/1/33 70/4/33 69/2/33
f 70/1/34 66/4/34 65/2/34
f 67/3/35 71/1/35 69/4/35
f 68/1/36 66/4/36 70/2/36
f 74/1/37 76/4/37 75/2/37
f 75/3/38 76/1/38 80/4/38
f 80/1/39 78/4/39 77/2/39
f 78/1/40 74/4/40 73/2/40
f 75/3/41 79/1/41 77/4/41
f 76/1/42 74/4/42 78/2/42
f 82/1/43 84/4/43 83/2/43
f 84/1/44 88/4/44 87/2/44
f 88/1/45 86/4/45 85/2/45
f 85/3/46 86/1/46 82/4/46
f 83/3/47 87/1/47 85/4/47
f 88/3/48 84/1/48 82/4/48
f 90/1/49 92/4/49 91/2/49
f 91/3/50 92/1/50 96/4/50
f 96/1/51 94/4/51 93/2/51
f 93/3/52 94/1/52 90/4/52
f 91/3/53 95/1/53 93/4/53
f 92/1/54 90/4/54 94/2/54
f 98/1/49 100/4/49 99/2/49
f 99/3/50 100/1/50 104/4/50
f 104/1/51 102/4/51 101/2/51
f 102/1/52 98/4/52 97/2/52
f 99/3/53 103/1/53 101/4/53
f 100/1/54 98/4/54 102/2/54
f 105/3/55 106/1/55 108/4/55
f 107/3/56 108/1/56 112/4/56
f 112/1/57 110/4/57 109/2/57
f 109/3/58 110/1/58 106/4/58
f 107/3/59 111/1/59 109/4/59
f 108/1/60 106/4/60 110/2/60
f 114/1/55 116/4/55 115/2/55
f 115/3/56 116/1/56 120/4/56
f 119/3/57 120/1/57 118/4/57
f 118/1/58 114/4/58 113/2/58
f 115/3/59 119/1/59 117/4/59
f 116/1/60 114/4/60 118/2/60
f 121/3/61 122/1/61 124/4/61
f 124/1/62 128/4/62 127/2/62
f 128/1/63 126/4/63 125/2/63
f 125/3/64 126/1/64 122/4/64
f 123/3/65 127/1/65 125/4/65
f 124/1/66 122/4/66 126/2/66
f 130/1/67 132/4/67 131/2/67
f 131/3/68 132/1/68 136/4/68
f 136/1/69 134/4/69 133/2/69
f 133/3/70 134/1/70 130/4/70
f 131/3/71 135/1/71 133/4/71
f 136/3/72 132/1/72 130/4/72
f 138/1/67 140/4/67 139/2/67
f 139/3/68 140/1/68 144/4/68
f 144/1/69 142/4/69 141/2/69
f 141/3/70 142/1/70 138/4/70
f 139/3/71 143/1/71 141/4/71
f 140/1/72 138/4/72 142/2/72
f 146/1/73 148/4/73 147/2/73
f 148/1/74 152/4/74 151/2/74
f 151/3/75 152/1/75 150/4/75
f 149/3/76 150/1/76 146/4/76
f 147/3/77 151/1/77 149/4/77
f 152/3/78 148/1/78 146/4/78
f 154/1/79 156/4/79 155/2/79
f 155/3/80 156/1/80 160/4/80
f 160/1/81 158/4/81 157/2/81
f 158/1/82 154/4/82 153/2/82
f 155/3/83 159/1/83 157/4/83
f 156/1/84 154/4/84 158/2/84
f 161/3/79 162/1/79 164/4/79
f 163/3/80 164/1/80 168/4/80
f 168/1/81 166/4/81 165/2/81
f 165/3/82 166/1/82 162/4/82
f 167/1/83 165/4/83 161/2/83
f 164/1/84 162/4/84 166/2/84
f 169/3/85 170/1/85 172/4/85
f 172/1/86 176/4/86 175/2/86
f 176/1/87 174/4/87 173/2/87
f 173/3/88 174/1/88 170/4/88
f 171/3/89 175/1/89 173/4/89
f 172/1/90 170/4/90 174/2/90
f 178/1/85 180/4/85 179/2/85
f 179/3/86 180/1/86 184/4/86
f 183/3/87 184/1/87 182/4/87
f 182/1/88 178/4/88 177/2/88
f 179/3/89 183/1/89 181/4/89
f 184/3/90 180/1/90 178/4/90
f 186/1/91 188/4/91 187/2/91
f 188/1/92 192/4/92 191/2/92
f 192/1/93 190/4/93 189/2/93
f 189/3/94 190/1/94 186/4/94
f 187/3/95 191/1/95 189/4/95
f 188/1/96 186/4/96 190/2/96
f 194/1/97 196/4/97 195/2/97
f 195/3/98 196/1/98 200/4/98
f 200/1/99 198/4/99 197/2/99
f 197/3/100 198/1/100 194/4/100
f 195/3/101 199/1/101 197/4/101
f 196/1/102 194/4/102 198/2/102
f 202/1/97 204/4/97 203/2/97
f 203/3/98 204/1/98 208/4/98
f 208/1/99 206/4/99 205/2/99
f 206/1/100 202/4/100 201/2/100
f 203/3/101 207/1/101 205/4/101
f 204/1/102 202/4/102 206/2/102
f 210/1/103 212/4/103 211/2/103
f 211/3/104 212/1/104 216/4/104
f 216/1/105 214/4/105 213/2/105
f 213/3/106 214/1/106 210/4/106
f 211/3/107 215/1/107 213/4/107
f 212/1/108 210/4/108 214/2/108
f 218/1/109 220/4/109 219/2/109
f 219/3/110 220/1/110 224/4/110
f 223/3/111 224/1/111 222/4/111
f 222/1/112 218/4/112 217/2/112
f 219/3/113 223/1/113 221/4/113
f 220/1/114 218/4/114 222/2/114
f 226/1/115 228/4/115 227/2/115
f 228/1/116 232/4/116 231/2/116
f 232/1/117 230/4/117 229/2/117
f 229/3/118 230/1/118 226/4/118
f 227/3/119 231/1/119 229/4/119
f 228/1/120 226/4/120 230/2/120
f 234/1/121 236/4/121 235/2/121
f 235/3/122 236/1/122 240/4/122
f 240/1/123 238/4/123 237/2/123
f 237/3/124 238/1/124 234/4/124
f 235/3/125 239/1/125 237/4/125
f 236/1/126 234/4/126 238/2/126
f 242/1/121 244/4/121 243/2/121
f 243/3/122 244/1/122 248/4/122
f 247/3/123 248/1/123 246/4/123
f 246/1/124 242/4/124 241/2/124
f 243/3/125 247/1/125 245/4/125
f 248/3/126 244/1/126 242/4/126
